API_HOST=localhost
API_PORT=9876

BLOCKCHAIN_PRIVATE_KEY=0x9bb77243653b370165aa6d7c6e7826ba0b35b2ce76858ceba57d5decad557405
BLOCKCHAIN_CONTRACT_ANNOUNCER=0x0
BLOCKCHAIN_CONTRACT_META_ADDRESS=0x0
BLOCKCHAIN_PROVIDER_TYPE=ganache

LOGGING=false

DB_DATABASE=test

SENDER_r=2565053c41a33d3db987813714dbbb530aa075377352bb685e2a4e4f5230af8e
SENDER_R=1043911409299845908933145044030586321747628801739334815603087647716826120807.3668503413968571145553761390020916889096351465035444495029490826634014750088
RECIPIENT_k=498d2e758a833aba648e430106caaaf4249e088afaa22cb353eee4c1d57c7110
RECIPIENT_K=35141687830855924431183738774221273965536528053540820428090917042415168895833.114011511657373847252913004454851730981615762009501088296112385713481382920400
RECIPIENT_v=1ddc493422682df80a115c8a9c213956fd80b1fe7048bac3bd40654239b76f28
RECIPIENT_V=6391281405933843186613166106854729135549809222560383556897852398895702198025.21277004174355834388090887136144266737163520848456827665087980251031672505233
RS=1043911409299845908933145044030586321747628801739334815603087647716826120807.3668503413968571145553761390020916889096351465035444495029490826634014750088;1043911409299845908933145044030586321747628801739334815603087647716826120807.3668503413968571145553761390020916889096351465035444495029490826634014750088
VIEW_TAGS=35;35
TRANSFER_ADDRES=0x0
